1104.00,8117.00,37.00,3.14,-0.00,255.00,48941
1104.00,8117.00,37.00,3.14,-0.00,255.00,48945
1104.00,8117.00,37.00,3.14,0.00,255.00,48949
1104.00,8117.00,37.00,3.14,0.02,255.00,48953
1104.00,8117.00,37.00,3.14,0.04,255.00,48957
1104.00,8117.00,37.00,3.14,0.08,255.00,48960
1104.00,8117.00,37.00,3.14,0.11,255.00,48964
1104.00,8117.00,37.00,3.14,0.15,255.00,48968
1104.00,8117.00,37.00,3.14,0.21,255.00,48972
1104.00,8117.00,37.00,3.14,0.25,255.00,48976
1104.00,8117.00,37.00,3.14,0.32,255.00,48980
1104.00,8117.00,37.00,3.14,0.38,255.00,48984
1104.00,8117.00,37.00,3.14,0.43,255.00,48988
1104.00,8117.00,37.00,3.14,0.50,255.00,48992
1104.00,8117.00,37.00,3.14,0.58,255.00,48996
1104.00,8117.00,37.00,3.14,0.64,255.00,49000
1104.00,8117.00,37.00,3.14,0.72,255.00,49004
1104.00,8117.00,37.00,3.14,0.80,255.00,49008
1104.00,8117.00,37.00,3.14,0.86,255.00,49012
1104.00,8117.00,37.00,3.14,0.94,255.00,49016
1104.00,8117.00,37.00,3.14,1.03,255.00,49020
1104.00,8117.00,37.00,3.14,1.10,255.00,49024
1104.00,8117.00,37.00,3.14,1.18,255.00,49028
1104.00,8117.00,37.00,3.14,1.27,255.00,49032
1104.00,8117.00,37.00,3.14,1.34,255.00,49036
1104.00,8117.00,37.00,3.14,1.43,255.00,49040
1104.00,8117.00,37.00,3.14,1.52,255.00,49044
1104.00,8117.00,37.00,3.14,1.59,255.00,49048
1104.00,8117.00,37.00,3.14,1.68,255.00,49051
1104.00,8117.00,37.00,3.14,1.77,255.00,49055
1104.00,8117.00,37.00,3.14,1.85,255.00,49059
1104.00,8117.00,37.00,3.14,1.94,255.00,49063
1104.00,8117.00,37.00,3.14,2.03,255.00,49067
1104.00,8117.00,37.00,3.14,2.10,255.00,49071
1104.00,8117.00,37.00,3.14,2.19,255.00,49075
1104.00,8117.00,37.00,3.14,2.29,255.00,49079
1104.00,8117.00,37.00,3.14,2.36,255.00,49083
1104.00,8117.00,37.00,3.14,2.45,255.00,49087
1104.00,8117.00,37.00,3.14,2.54,255.00,49091
1104.00,8117.00,37.00,3.14,2.61,106.27,49095
1104.00,8117.00,37.00,3.14,2.71,106.27,49099
1104.00,8117.00,37.00,3.14,2.78,-105.05,49103
1104.00,8117.00,37.00,3.14,2.87,-105.05,49107
1104.00,8117.00,37.00,3.14,2.94,-105.05,49111
1104.00,8117.00,37.00,3.14,3.01,-255.00,49115
1104.00,8117.00,37.00,3.14,3.06,-255.00,49119
1104.00,8117.00,37.00,3.14,3.11,-224.22,49123
1104.00,8117.00,37.00,3.14,3.13,-224.22,49127
1104.00,8117.00,37.00,3.14,3.15,-224.22,49131
1104.00,8117.00,37.00,3.14,3.15,119.82,49135
1104.00,8117.00,37.00,3.14,3.16,119.82,49139
1104.00,8117.00,37.00,3.14,3.17,134.01,49143
1104.00,8117.00,37.00,3.14,3.19,134.01,49147
1104.00,8117.00,37.00,3.14,3.21,134.01,49151
1104.00,8117.00,37.00,3.14,3.23,-4.76,49155
1104.00,8117.00,37.00,3.14,3.24,-4.76,49159
1104.00,8117.00,37.00,3.14,3.27,-4.76,49163
1104.00,8117.00,37.00,3.14,3.28,-97.03,49167
1104.00,8117.00,37.00,3.14,3.29,-97.03,49171
1104.00,8117.00,37.00,3.14,3.31,-80.88,49175
1104.00,8117.00,37.00,3.14,3.31,-80.88,49179
1104.00,8117.00,37.00,3.14,3.32,-35.23,49182
1104.00,8117.00,37.00,3.14,3.32,-35.23,49186
1104.00,8117.00,37.00,3.14,3.32,-35.23,49190
1104.00,8117.00,37.00,3.14,3.31,11.34,49194
1104.00,8117.00,37.00,3.14,3.31,11.34,49198
1104.00,8117.00,37.00,3.14,3.32,11.34,49202
1104.00,8117.00,37.00,3.14,3.32,-21.95,49206
1104.00,8117.00,37.00,3.14,3.32,-21.95,49210
1104.00,8117.00,37.00,3.14,3.32,-27.85,49214
1104.00,8117.00,37.00,3.14,3.32,-27.85,49218
1104.00,8117.00,37.00,3.14,3.31,-27.85,49222
1104.00,8117.00,37.00,3.14,3.31,-31.10,49226
1104.00,8117.00,37.00,3.14,3.31,-31.10,49230
1104.00,8117.00,37.00,3.14,3.31,-53.43,49234
1104.00,8117.00,37.00,3.14,3.31,-53.43,49238
1104.00,8117.00,37.00,3.14,3.31,-53.43,49242
1104.00,8117.00,37.00,3.14,3.31,-45.53,49246
1104.00,8117.00,37.00,3.14,3.31,-45.53,49249
1104.00,8117.00,37.00,3.14,3.30,-45.53,49253
1104.00,8117.00,37.00,3.14,3.29,-10.02,49257
1104.00,8117.00,37.00,3.14,3.29,-10.02,49261
1104.00,8117.00,37.00,3.14,3.28,-6.63,49265
1104.00,8117.00,37.00,3.14,3.28,-6.63,49269
1104.00,8117.00,37.00,3.14,3.27,-6.63,49273
1104.00,8117.00,37.00,3.14,3.27,-2.15,49277
1104.00,8117.00,37.00,3.14,3.26,-2.15,49281
1104.00,8117.00,37.00,3.14,3.26,3.42,49284
1104.00,8117.00,37.00,3.14,3.25,3.42,49288
1104.00,8117.00,37.00,3.14,3.25,3.42,49292
1104.00,8117.00,37.00,3.14,3.25,-22.80,49296
1104.00,8117.00,37.00,3.14,3.25,-22.80,49300
1104.00,8117.00,37.00,3.14,3.24,-23.56,49304
1104.00,8117.00,37.00,3.14,3.24,-23.56,49308
1104.00,8117.00,37.00,3.14,3.24,-23.56,49312
1104.00,8117.00,37.00,3.14,3.24,-23.78,49316
1104.00,8117.00,37.00,3.14,3.23,-23.78,49320
1104.00,8117.00,37.00,3.14,3.23,-23.78,49324
1104.00,8117.00,37.00,3.14,3.23,-23.45,49328
1104.00,8117.00,37.00,3.14,3.22,-23.45,49332
1104.00,8117.00,37.00,3.14,3.22,-11.61,49336
1104.00,8117.00,37.00,3.14,3.22,-11.61,49340
1104.00,8117.00,37.00,3.14,3.21,-11.61,49343
1104.00,8117.00,37.00,3.14,3.21,-18.31,49347
1104.00,8117.00,37.00,3.14,3.21,-18.31,49351
1104.00,8117.00,37.00,3.14,3.21,-16.16,49355
1104.00,8117.00,37.00,3.14,3.20,-16.16,49359
1104.00,8117.00,37.00,3.14,3.20,-16.16,49363
1104.00,8117.00,37.00,3.14,3.20,-13.47,49367
1104.00,8117.00,37.00,3.14,3.20,-13.47,49371
1104.00,8117.00,37.00,3.14,3.19,-10.22,49375
1104.00,8117.00,37.00,3.14,3.19,-10.22,49379
1104.00,8117.00,37.00,3.14,3.19,-10.22,49383
1104.00,8117.00,37.00,3.14,3.19,-28.36,49387
1104.00,8117.00,37.00,3.14,3.19,-28.36,49391
1104.00,8117.00,37.00,3.14,3.19,-28.36,49395
1104.00,8117.00,37.00,3.14,3.19,-29.71,49399
1104.00,8117.00,37.00,3.14,3.19,-29.71,49403
1104.00,8117.00,37.00,3.14,3.18,-19.91,49407
1104.00,8117.00,37.00,3.14,3.18,-19.91,49411
1104.00,8117.00,37.00,3.14,3.18,-19.91,49415
1104.00,8117.00,37.00,3.14,3.18,-18.05,49419
1104.00,8117.00,37.00,3.14,3.18,-18.05,49423
1104.00,8117.00,37.00,3.14,3.17,-4.87,49426
1104.00,8117.00,37.00,3.14,3.17,-4.87,49430
1104.00,8117.00,37.00,3.14,3.17,-4.87,49434
1104.00,8117.00,37.00,3.14,3.17,-10.40,49438
1104.00,8117.00,37.00,3.14,3.17,-10.40,49442
1104.00,8117.00,37.00,3.14,3.17,-18.23,49446
1104.00,8117.00,37.00,3.14,3.17,-18.23,49450
1104.00,8117.00,37.00,3.14,3.17,-18.23,49454
1104.00,8117.00,37.00,3.14,3.16,-17.58,49458
1104.00,8117.00,37.00,3.14,3.16,-17.58,49462
1104.00,8117.00,37.00,3.14,3.16,-27.70,49466
1104.00,8117.00,37.00,3.14,3.16,-27.70,49470
1104.00,8117.00,37.00,3.14,3.16,-27.70,49474
1104.00,8117.00,37.00,3.14,3.16,-29.52,49478
1104.00,8117.00,37.00,3.14,3.16,-29.52,49482
1104.00,8117.00,37.00,3.14,3.16,-29.52,49486
1104.00,8117.00,37.00,3.14,3.16,-20.38,49490
1104.00,8117.00,37.00,3.14,3.16,-20.38,49494
1104.00,8117.00,37.00,3.14,3.16,-19.36,49498
1104.00,8117.00,37.00,3.14,3.16,-19.36,49501
1104.00,8117.00,37.00,3.14,3.16,-18.16,49505
1104.00,8117.00,37.00,3.14,3.16,-18.16,49509
1104.00,8117.00,37.00,3.14,3.16,-18.16,49513
1104.00,8117.00,37.00,3.14,3.16,-27.74,49517
1104.00,8117.00,37.00,3.14,3.16,-27.74,49521
1104.00,8117.00,37.00,3.14,3.16,-27.74,49525
1104.00,8117.00,37.00,3.14,3.16,-29.01,49529
1104.00,8117.00,37.00,3.14,3.16,-29.01,49533
1104.00,8117.00,37.00,3.14,3.16,-30.29,49537
1104.00,8117.00,37.00,3.14,3.16,-30.29,49541
1104.00,8117.00,37.00,3.14,3.16,-30.29,49545
1104.00,8117.00,37.00,3.14,3.15,-9.64,49549
1104.00,8117.00,37.00,3.14,3.15,-9.64,49553
1104.00,8117.00,37.00,3.14,3.15,-5.23,49557
1104.00,8117.00,37.00,3.14,3.15,-5.23,49560
1104.00,8117.00,37.00,3.14,3.15,-5.23,49564
1104.00,8117.00,37.00,3.14,3.15,-11.42,49568
1104.00,8117.00,37.00,3.14,3.15,-11.42,49572
1104.00,8117.00,37.00,3.14,3.15,-11.42,49576
1104.00,8117.00,37.00,3.14,3.15,-20.09,49580
1104.00,8117.00,37.00,3.14,3.15,-20.09,49584
1104.00,8117.00,37.00,3.14,3.15,-20.45,49588
1104.00,8117.00,37.00,3.14,3.15,-20.45,49592
1104.00,8117.00,37.00,3.14,3.14,-20.45,49596
1104.00,8117.00,37.00,3.14,3.14,-9.85,49600
1104.00,8117.00,37.00,3.14,3.14,-9.85,49604
1104.00,8117.00,37.00,3.14,3.14,-9.85,49608
1104.00,8117.00,37.00,3.14,3.14,-7.38,49611
1104.00,8117.00,37.00,3.14,3.14,-7.38,49615
1104.00,8117.00,37.00,3.14,3.14,-4.72,49619
1104.00,8117.00,37.00,3.14,3.14,-4.72,49623
1104.00,8117.00,37.00,3.14,3.14,-4.72,49627
1104.00,8117.00,37.00,3.14,3.14,-1.88,49631
1104.00,8117.00,37.00,3.14,3.14,-1.88,49635
1104.00,8117.00,37.00,3.14,3.14,-20.78,49639
1104.00,8117.00,37.00,3.14,3.14,-20.78,49643
1104.00,8117.00,37.00,3.14,3.14,-20.78,49647
1104.00,8117.00,37.00,3.14,3.14,-12.29,49651
1104.00,8117.00,37.00,3.14,3.14,-12.29,49654
1104.00,8117.00,37.00,3.14,3.14,-12.11,49658
1104.00,8117.00,37.00,3.14,3.14,-12.11,49662
1104.00,8117.00,37.00,3.14,3.14,-12.11,49666
1104.00,8117.00,37.00,3.14,3.14,-11.93,49670
1104.00,8117.00,37.00,3.14,3.14,-11.93,49674
1104.00,8117.00,37.00,3.14,3.14,-11.75,49678
1104.00,8117.00,37.00,3.14,3.14,-11.75,49682
1104.00,8117.00,37.00,3.14,3.14,-11.75,49686
1104.00,8117.00,37.00,3.14,3.14,-11.57,49690
1104.00,8117.00,37.00,3.14,3.14,-11.57,49694
1104.00,8117.00,37.00,3.14,3.14,-11.57,49698
1104.00,8117.00,37.00,3.14,3.14,-11.38,49702
1104.00,8117.00,37.00,3.14,3.14,-11.38,49706
1104.00,8117.00,37.00,3.14,3.14,-11.20,49710
1104.00,8117.00,37.00,3.14,3.14,-11.20,49714
1104.00,8117.00,37.00,3.14,3.14,-11.20,49718
1104.00,8117.00,37.00,3.14,3.14,-11.02,49722
1104.00,8117.00,37.00,3.14,3.14,-11.02,49726
1104.00,8117.00,37.00,3.14,3.14,-10.84,49730
1104.00,8117.00,37.00,3.14,3.14,-10.84,49734
1104.00,8117.00,37.00,3.14,3.14,-10.84,49738
1104.00,8117.00,37.00,3.14,3.14,-10.66,49742
1104.00,8117.00,37.00,3.14,3.14,-10.66,49745
1104.00,8117.00,37.00,3.14,3.14,-10.47,49749
1104.00,8117.00,37.00,3.14,3.14,-10.47,49753
1104.00,8117.00,37.00,3.14,3.14,-10.47,49757
1104.00,8117.00,37.00,3.14,3.14,-10.29,49761
1104.00,8117.00,37.00,3.14,3.14,-10.29,49765
1104.00,8117.00,37.00,3.14,3.14,-10.29,49769
1104.00,8117.00,37.00,3.14,3.14,-10.11,49773
1104.00,8117.00,37.00,3.14,3.14,-10.11,49777
1104.00,8117.00,37.00,3.14,3.14,-9.93,49781
1104.00,8117.00,37.00,3.14,3.14,-9.93,49785
1104.00,8117.00,37.00,3.14,3.14,-9.93,49789
1104.00,8117.00,37.00,3.14,3.14,-9.75,49793
1104.00,8117.00,37.00,3.14,3.14,-9.75,49797
1104.00,8117.00,37.00,3.14,3.14,-9.56,49800
1104.00,8117.00,37.00,3.14,3.14,-9.56,49804
1104.00,8117.00,37.00,3.14,3.14,-9.56,49808
1104.00,8117.00,37.00,3.14,3.14,-9.38,49812
1104.00,8117.00,37.00,3.14,3.14,-9.38,49816
1104.00,8117.00,37.00,3.14,3.14,-9.20,49820
1104.00,8117.00,37.00,3.14,3.14,-9.20,49824
1104.00,8117.00,37.00,3.14,3.14,-9.20,49827
1104.00,8117.00,37.00,3.14,3.14,-9.02,49831
1104.00,8117.00,37.00,3.14,3.14,-9.02,49835
1104.00,8117.00,37.00,3.14,3.14,-9.02,49839
1104.00,8117.00,37.00,3.14,3.14,-8.84,49843
1104.00,8117.00,37.00,3.14,3.14,-8.84,49847
1104.00,8117.00,37.00,3.14,3.14,-8.84,49851
1104.00,8117.00,37.00,3.14,3.14,-8.65,49855
1104.00,8117.00,37.00,3.14,3.14,-8.65,49858
1104.00,8117.00,37.00,3.14,3.14,-8.47,49862
1104.00,8117.00,37.00,3.14,3.14,-8.47,49866
1104.00,8117.00,37.00,3.14,3.14,-8.47,49870
1104.00,8117.00,37.00,3.14,3.14,-8.29,49874
1104.00,8117.00,37.00,3.14,3.14,-8.29,49878
1104.00,8117.00,37.00,3.14,3.14,-8.11,49882
1104.00,8117.00,37.00,3.14,3.14,-8.11,49886
1104.00,8117.00,37.00,3.14,3.14,-8.11,49889
1104.00,8117.00,37.00,3.14,3.14,-7.93,49893
1104.00,8117.00,37.00,3.14,3.14,-7.93,49897
1104.00,8117.00,37.00,3.14,3.14,-7.74,49901
1104.00,8117.00,37.00,3.14,3.14,-7.74,49905
1104.00,8117.00,37.00,3.14,3.14,-7.74,49909
1104.00,8117.00,37.00,3.14,3.14,-7.56,49913
1104.00,8117.00,37.00,3.14,3.14,-7.56,49916
1104.00,8117.00,37.00,3.14,3.14,-7.56,49920
1104.00,8117.00,37.00,3.14,3.14,-7.38,49924
1104.00,8117.00,37.00,3.14,3.14,-7.38,49928
1104.00,8117.00,37.00,3.14,3.14,-7.20,49932
1104.00,8117.00,37.00,3.14,3.14,-7.20,49936
1104.00,8117.00,37.00,3.14,3.14,-7.20,49940
1104.00,8117.00,37.00,3.14,3.14,-7.02,49944
1104.00,8117.00,37.00,3.14,3.14,-7.02,49947
1104.00,8117.00,37.00,3.14,3.14,-6.83,49951
1104.00,8117.00,37.00,3.14,3.14,-6.83,49955
1104.00,8117.00,37.00,3.14,3.14,-6.83,49959
1104.00,8117.00,37.00,3.14,3.14,-6.65,49963
1104.00,8117.00,37.00,3.14,3.14,-6.65,49967
1104.00,8117.00,37.00,3.14,3.14,-6.65,49971
1104.00,8117.00,37.00,3.14,3.14,-6.47,49975
1104.00,8117.00,37.00,3.14,3.14,-6.47,49978
1104.00,8117.00,37.00,3.14,3.14,-6.29,49982
1104.00,8117.00,37.00,3.14,3.14,-6.29,49986
1104.00,8117.00,37.00,3.14,3.14,-6.29,49990
1104.00,8117.00,37.00,3.14,3.14,-6.11,49994
1104.00,8117.00,37.00,3.14,3.14,-6.11,49998
1104.00,8117.00,37.00,3.14,3.14,-6.11,50002
1104.00,8117.00,37.00,3.14,3.14,-5.93,50006
1104.00,8117.00,37.00,3.14,3.14,-5.93,50009
1104.00,8117.00,37.00,3.14,3.14,-5.74,50013
1104.00,8117.00,37.00,3.14,3.14,-5.74,50017
1104.00,8117.00,37.00,3.14,3.14,-5.74,50021
1104.00,8117.00,37.00,3.14,3.14,-5.56,50025
1104.00,8117.00,37.00,3.14,3.14,-5.56,50029
1104.00,8117.00,37.00,3.14,3.14,-5.38,50033
1104.00,8117.00,37.00,3.14,3.14,-5.38,50036
1104.00,8117.00,37.00,3.14,3.14,-5.38,50040
1104.00,8117.00,37.00,3.14,3.14,-5.20,50044
1104.00,8117.00,37.00,3.14,3.14,-5.20,50048
1104.00,8117.00,37.00,3.14,3.14,-5.20,50052
1104.00,8117.00,37.00,3.14,3.14,-5.02,50056
1104.00,8117.00,37.00,3.14,3.14,-5.02,50060
1104.00,8117.00,37.00,3.14,3.14,-4.83,50064
1104.00,8117.00,37.00,3.14,3.14,-4.83,50067
1104.00,8117.00,37.00,3.14,3.14,-4.83,50071
1104.00,8117.00,37.00,3.14,3.14,-4.65,50075
1104.00,8117.00,37.00,3.14,3.14,-4.65,50079
1104.00,8117.00,37.00,3.14,3.14,-4.65,50083
1104.00,8117.00,37.00,3.14,3.14,-4.47,50087
1104.00,8117.00,37.00,3.14,3.14,-4.47,50091
1104.00,8117.00,37.00,3.14,3.14,-4.29,50095
1104.00,8117.00,37.00,3.14,3.14,-4.29,50098
1104.00,8117.00,37.00,3.14,3.14,-4.29,50102
1104.00,8117.00,37.00,3.14,3.14,-4.11,50106
1104.00,8117.00,37.00,3.14,3.14,-4.11,50110
1104.00,8117.00,37.00,3.14,3.14,-3.92,50114
1104.00,8117.00,37.00,3.14,3.14,-3.92,50118
1104.00,8117.00,37.00,3.14,3.14,-3.92,50122
1104.00,8117.00,37.00,3.14,3.14,-3.74,50126
1104.00,8117.00,37.00,3.14,3.14,-3.74,50129
1104.00,8117.00,37.00,3.14,3.14,-3.74,50133
1104.00,8117.00,37.00,3.14,3.14,-3.56,50137
1104.00,8117.00,37.00,3.14,3.14,-3.56,50141
1104.00,8117.00,37.00,3.14,3.14,-3.38,50145
1104.00,8117.00,37.00,3.14,3.14,-3.38,50149
1104.00,8117.00,37.00,3.14,3.14,-3.38,50153
1104.00,8117.00,37.00,3.14,3.14,-3.20,50156
1104.00,8117.00,37.00,3.14,3.14,-3.20,50160
1104.00,8117.00,37.00,3.14,3.14,-3.01,50164
1104.00,8117.00,37.00,3.14,3.14,-3.01,50168
1104.00,8117.00,37.00,3.14,3.14,-3.01,50172
1104.00,8117.00,37.00,3.14,3.14,-2.83,50176
1104.00,8117.00,37.00,3.14,3.14,-2.83,50180
1104.00,8117.00,37.00,3.14,3.14,-2.83,50184
1104.00,8117.00,37.00,3.14,3.14,-2.65,50187
1104.00,8117.00,37.00,3.14,3.14,-2.65,50191
